PhysicsMaterial2D:
  Density: 5.80000019
  Friction: 1.5
  Restitution: 4.5999999